1.0 0.007933693630274963 25670.665082132884 34670.243900693706
2.0 1.940131242188647 90536.17354329939 304555.403469229
3.0 4.076983783310683 141723.68393003737 163987.91395158696
4.0 6.0595572037974685 181104.8286593992 -1 
5.0 8.082154551917935 220306.32789190108 226645.63962167362
6.0 10.748897037574762 247860.52504416532 253004.58917268235
7.0 12.99650877202465 265558.5586116245 261404.5769803064
7.1 14.524028290942454 2223483.5800241274 273982.4727726566
8.0 17.38008977890273 293200.39728907455 1074486.8433159033
9.0 27.60127827209373 312543.73856945493 307315.627033999
10.0 495.20373550682586 352529.63979358587 304303.4842384291
